14
-1 11 20 27 40 43 39 28 18 10 18 30 30 32
-1 -1 9 16 29 32 28 19 11 4 17 23 21 24
-1 -1 -1 7 20 22 19 15 10 11 21 21 13 18
-1 -1 -1 -1 13 16 12 13 13 18 26 21 11 17
-1 -1 -1 -1 -1 3 2 21 25 31 38 27 16 20
-1 -1 -1 -1 -1 -1 4 23 28 33 41 30 17 20
-1 -1 -1 -1 -1 -1 -1 22 25 29 38 28 13 17
-1 -1 -1 -1 -1 -1 -1 -1  9 22 18 7 25 30
-1 -1 -1 -1 -1 -1 -1 -1 -1 13 12 12 23 28
-1 -1 -1 -1 -1 -1 -1 -1 -1 -1 20 27 20 23
-1 -1 -1 -1 -1 -1 -1 -1 -1 -1 -1 15 35 39
-1 -1 -1 -1 -1 -1 -1 -1 -1 -1 -1 -1 31 37
-1 -1 -1 -1 -1 -1 -1 -1 -1 -1 -1 -1 -1 5
-1 -1 -1 -1 -1 -1 -1 -1 -1 -1 -1 -1 -1 -1

-1 10 -1 -1 -1 -1 -1 -1 -1 -1 -1 -1 -1 -1
-1 -1 9 -1 -1 -1 -1 -1 10 4 -1 -1 -1 -1
-1 -1 -1 7 -1 -1 -1 -1 10 -1 -1 -1 19 -1
-1 -1 -1 -1 13 -1 -1 15 -1 -1 -1 -1 13 -1
-1 -1 -1 -1 -1 3 3 30 -1 -1 -1 -1 -1 -1
-1 -1 -1 -1 -1 -1 -1 -1 -1 -1 -1 -1 -1 -1
-1 -1 -1 -1 -1 -1 -1 -1 -1 -1 -1 -1 -1 -1
-1 -1 -1 -1 -1 -1 -1 -1 10 -1 -1 7 -1 -1
-1 -1 -1 -1 -1 -1 -1 -1 -1 -1 12 -1 -1 -1
-1 -1 -1 -1 -1 -1 -1 -1 -1 -1 -1 -1 -1 -1
-1 -1 -1 -1 -1 -1 -1 -1 -1 -1 -1 -1 -1 -1
-1 -1 -1 -1 -1 -1 -1 -1 -1 -1 -1 -1 -1 -1
-1 -1 -1 -1 -1 -1 -1 -1 -1 -1 -1 -1 -1 5
-1 -1 -1 -1 -1 -1 -1 -1 -1 -1 -1 -1 -1 -1

4
1 2 3 4 5 6
11 9 3 13
10 2 9 8 5 7
12 8 4 13 14
11 7

